2.000000000000000000e+00
5.770380000000000000e+05
1.747000000000000000e+03
3.974300000000000000e+04
1.144000000000000000e+03
9.760000000000000000e+02
3.925000000000000000e+03
3.135000000000000000e+03
2.000000000000000000e+00
3.066000000000000000e+04
7.254000000000000000e+03
1.795100000000000000e+04
6.500000000000000000e+02
6.500000000000000000e+02
0.000000000000000000e+00
0.000000000000000000e+00
2.720000000000000000e+02
1.390000000000000000e+02
3.010000000000000000e+02
1.230000000000000000e+02
4.600000000000000000e+01
1.400000000000000000e+01
3.900000000000000000e+01
4.300000000000000000e+01
3.300000000000000000e+01
1.650000000000000000e+02
2.500000000000000000e+01
2.013320000000000000e+05
3.436900000000000000e+04
6.065500000000000000e+04
1.177590000000000000e+05
3.113630000000000000e+05
5.451300000000000000e+04
5.090900000000000000e+04
1.665310000000000000e+05
1.706160000000000000e+05
2.486000000000000000e+03
2.028300000000000000e+04
9.603700000000000000e+04
6.128700000000000000e+04
1.831400000000000000e+05
1.886970000000000000e+05
4.471700000000000000e+04
2.320000000000000000e+03
1.468920000000000000e+05
1.621380000000000000e+05
2.245150000000000000e+05
6.388400000000000000e+04
2.678900000000000000e+04
5.893700000000000000e+04
4.032000000000000000e+03
4.590400000000000000e+04
2.386000000000000000e+03
